SSS Mean: 0.6722614765167236
SSS STD: 0.27486427413832615

PSIQS Mean: 10.954063868522644
PSIQS STD: 6.9824639976690195

SYSIQS Mean: 5.724068021774292
SYSIQS STD: 2.2438564727380386

***********************
List of N:
43508649919111878202408167976238117
62276811353482036205682897660204293
14579075354475766809087237128180399
18294866787442484445105075976647871
17343313531385034062753048340485987
69742805362816533606904729963246057
27962344123525731607868017086024583
58043638606727005854014841196756561
34281804991316668382497394220950737
45300867779472501595341579906233647
11996001909169511076966658200947831
95071690183366812939325783702265699
62403340130764790894864608573959689
62660934616968819603169623904660967
32302998341061289954742946811603579
96285421319380867347913744307110127
65236709397856804561128405324085163
47776039432258716648365775670171549
66830238542193481956123101476078751
18931084012234940649070725280226027
***********************

SSS Results: [0.5721280574798584, 0.8614115715026855, 0.5809891223907471, 0.31232118606567383, 1.2192752361297607, 0.6687180995941162, 0.6346557140350342, 0.32050156593322754, 0.5160655975341797, 0.5750486850738525, 0.6517951488494873, 0.661109447479248, 0.41109180450439453, 1.0080766677856445, 0.4045107364654541, 1.3272149562835693, 1.0266706943511963, 0.4320971965789795, 0.6401431560516357, 0.6214048862457275]
pSIQS Results: [9.315820455551147, 17.4325168132782, 8.426715612411499, 2.9312992095947266, 25.942018747329712, 9.225733041763306, 10.594191551208496, 2.7726848125457764, 6.454163551330566, 7.45000147819519, 8.871912002563477, 10.991843700408936, 4.161577224731445, 18.950763940811157, 3.972687005996704, 28.041381359100342, 16.623624801635742, 4.72364616394043, 12.878327131271362, 9.320368766784668]
sSIQS Results: [4.925461530685425, 6.5674824714660645, 5.310416221618652, 2.9080944061279297, 9.96789813041687, 5.033420562744141, 5.88197135925293, 2.468780755996704, 3.921034336090088, 5.3430070877075195, 6.004590034484863, 5.752342700958252, 3.053511619567871, 8.133501291275024, 3.595460891723633, 11.503415584564209, 7.56378436088562, 3.8349437713623047, 6.5009636878967285, 6.211279630661011]

