SSS Mean: 0.17237342596054078
SSS STD: 0.05515101683511388

PSIQS Mean: 2.2544010639190675
PSIQS STD: 1.3345850718326342

SYSIQS Mean: 3.5374239802360536
SYSIQS STD: 2.5080256084481576

***********************
List of N:
517593246253692099574666697123
377001756439469647151723111191
837886973836408729330756475419
492092794314441238845712115111
548429019492530433962492405713
701013349885040604205137365563
499870906684599391602519011567
517074041859550556689163880043
341150644540268718469485030049
143123549296795303064107730543
502695105986886212090268519577
412865774607347460278640274441
229449273777555833169768762073
507748477757537551155986599723
961251267042721290972334931237
342542899584090018122372113513
708237208837125578253346013731
231324268416598494680545009339
367673872453797764938508859323
276396474816755654019234756833
***********************

SSS Results: [0.1600356101989746, 0.13402056694030762, 0.12897491455078125, 0.24204444885253906, 0.1400318145751953, 0.18104100227355957, 0.22104883193969727, 0.24917244911193848, 0.09702205657958984, 0.186248779296875, 0.12336468696594238, 0.11541295051574707, 0.15403461456298828, 0.22045111656188965, 0.32807397842407227, 0.13502025604248047, 0.12601828575134277, 0.17739081382751465, 0.18603038787841797, 0.14203095436096191]
pSIQS Results: [1.6433510780334473, 1.4777510166168213, 1.1189796924591064, 3.8940951824188232, 1.6824181079864502, 1.7992899417877197, 3.499361276626587, 3.259707450866699, 0.8615961074829102, 2.2270874977111816, 0.7491941452026367, 1.2480792999267578, 1.4668455123901367, 4.4899163246154785, 5.341049432754517, 1.3355944156646729, 0.8028221130371094, 2.9479072093963623, 3.9457321166992188, 1.297243356704712]
sSIQS Results: [4.861090421676636, 1.458014965057373, 5.630774736404419, 6.262418031692505, 2.1886940002441406, 4.576740980148315, 4.145233869552612, 5.27565336227417, 1.0300102233886719, 2.3913164138793945, 2.3823628425598145, 2.3649861812591553, 1.284282922744751, 4.031072616577148, 12.124872207641602, 1.328167200088501, 3.122183322906494, 2.590439558029175, 2.403099298477173, 1.2970664501190186]

