SSS Mean: 2.006340205669403
SSS STD: 0.6376905084397491

PSIQS Mean: 24.186851954460145
PSIQS STD: 12.256574503533312

SYSIQS Mean: 20.412970006465912
SYSIQS STD: 5.723811644207556

***********************
List of N:
3305266588474627447359517152843932723551
2027781962507083417364869035094389115103
1658490806836166352058910156474951300767
5771684788829093373408367849890677432873
7540613310865016584126875817914540848129
2841689350059224847467194854253962228161
1507999421778879520761174283715557689203
2171635198963380505906268894706166418641
1033136497920404286518906261760255132197
7573047805002787237882066913794620292987
2039872080655773917872233387470377215019
2112014814575271369572246086739161483309
5333838420316514642536817108166802508833
5102772631800042290079526423381403123873
2063019102349085231493352111001842904993
6056683677351122836189292284643408258237
6044452585482104188782189078764144145677
4632634866685134542440398998310204110083
4083145708976692929799479955426815995501
7428619236248897992479438279963874392569
***********************

SSS Results: [1.4607443809509277, 2.3388614654541016, 2.035926580429077, 2.647128105163574, 2.4715421199798584, 1.7065668106079102, 3.168707847595215, 1.2004144191741943, 1.5791575908660889, 2.092186212539673, 1.5703527927398682, 1.4400384426116943, 1.168342113494873, 3.101466417312622, 1.604691505432129, 2.5603201389312744, 3.133035182952881, 1.8888871669769287, 1.6994600296020508, 1.2589747905731201]
pSIQS Results: [14.838122367858887, 26.994778156280518, 21.919406414031982, 35.59242224693298, 30.239763259887695, 19.319988012313843, 47.3688268661499, 10.682000637054443, 16.23465847969055, 26.618124961853027, 12.633702278137207, 12.470054864883423, 11.67455530166626, 45.47069072723389, 16.747904777526855, 39.000921964645386, 46.89040946960449, 22.941035747528076, 14.553317070007324, 11.546355485916138]
sSIQS Results: [16.81384778022766, 25.41883397102356, 28.47266674041748, 22.45355224609375, 19.63054847717285, 15.070027828216553, 33.38114070892334, 13.026482105255127, 19.20281720161438, 22.57208228111267, 19.25821018218994, 16.771084547042847, 13.2946457862854, 27.13591694831848, 15.342246055603027, 21.98488998413086, 27.852004051208496, 21.62873363494873, 17.945966482162476, 11.003703117370605]

